%@(#)   jett.m 1.3	 97/07/17     08:17:31
%
function clmap=jett

 clmap=[      
    1         1         1       % white
    0.70    0.60      1.00      % 1 blue
    0.00    1.00      1.00      % 2 cyan
    1.00    0.00      1.00      % 3 magneta
    1.00    0.70      1.00      % 4 pink
    0.00    1.00      0.00      % 5 green
    1.00    1.00      0.00      % 6 yellow
    1.00    0.70      0.00      % 7 orange
    1.00    0.45      0.40      % 8 copper
    1.00    0.00      0.00      % 9 red
    0.90    0.70      0.70      % 10 brown
    0.00    0.70      0.00      % 11 dark green
    0.60    1.00      0.80      % 12 Aquamarine
    0.70    0.70      0.70      % 13 gray
    0.00    0.70      0.70
    0.70    0.40      0.40      
    0.90    0.95      0.70   
    0.10    0.60      0.95
        1         1         1  
        1         1         1
        1         1         1  
       ];


   
   
   
%  clmap=[0.65   0.78    0.78     
% %       0         0    0.7000
%        0    0.4000    1.0000
%        0    0.8000    1.0000
%   0.2000    1.0000    1.0000
%   0.6000    1.0000    0.6000
%   1.0000    1.0000    0.2000
%   1.0000    0.8200         0
%   1.0000    0.5800         0
%   1.0000    0.2000         0
%   0.7000         0         0
%        1         1         1];  