%@(#)   F2sondsub.m 1.2	 94/08/12     12:09:43
%
ia=[
9   
15  
16  
20  
21  
22  
23  
28  
29  
34];   
ib=[
 5 
10 
11 
12 
17 
18 
19 
24 
30 
];
ic=[
25
26
27
31
32
33
35
36
];
id=[
1 
2 
3 
4 
6 
7 
8 
13
14];
