%@(#)   F3sondsub.m 1.2	 94/08/12     12:09:43
%
ia=[
1   
5   
7   
11  
13  
19  
21  
26  
31  
33];   
ib=[
 3 
 9 
 15
 17
 23
 28
 30
 35
 37
];
ic=[
2
6
12
14
18
20
25
27
32
];
id=[
4
8
10
16
22
24
29
34
36];
