%@(#)   shuffcolor.m 1.1	 05/07/13     10:29:41
%
%
function clmap=shuffcolor
clmap=[1         1    1     
       1         1         1
      0.7   0.7       0.7000
  0.6000    1.0000    1.0000
      0    0.0000    1.0000 
  1.0000    1.0000    0.2000
       0         1         0
  1.0000    0.2000    0.0000
  0.7000         0         0
       0    0.0000    0.6000
      1     0.58          0 
       1         1         1];
