%@(#)   jette.m 1.2	 94/01/25     12:42:49
%
function clmap=jett
clmap=[1         1    1     
       0         0    0.7000
  0.2000    1.0000    1.0000
  0.5000    1.0000    0.5000
  0.5000    1.0000    0.5000
  0.5000    1.0000    0.5000
  0.5000    1.0000    0.5000
  0.5000    1.0000    0.5000
  0.5000    1.0000    0.5000
  0.5000    1.0000    0.5000
  0.7000         0         0
       1         1         1];
end
