%@(#)   loleft.m 1.3	 98/04/07     10:42:15
%
function pos=loleft
pos=[0 0 560 420];
