%@(#)   loright.m 1.3	 98/04/07     10:41:41
%
function pos=loleft
pos=[580 0 560 420];
