%@(#)   upleft.m 1.3	 98/04/07     09:51:59
%
function pos=upleft
pos=[0 420 560 420];
