%@(#)   upright.m 1.3	 97/08/25     08:28:59
%
function pos=upright
pos=[580 420 560 420];
