%@(#)   jett.m 1.3	 97/07/17     08:17:31
%
function clmap=jett_core

 clmap=[      
    1         1         1       % 1 white
    0.00    0.40      1.00      % 2 blue
    0.00    0.90      1.00      % 3 cyan
    1.00    0.00      1.00      % 4 magneta
    1.00    0.70      1.00      % 5 pink
    0.00    1.00      0.00      % 6 green
    1.00    1.00      0.00      % 7 yellow
    1.00    0.70      0.00      % 8 orange
    1.00    0.45      0.40      % 9 copper
    1.00    0.00      0.00      % 10 red
    0.90    0.70      0.70      % 11 brown
    0.00    0.70      0.00      % 12 dark green
    0.60    1.00      0.80      % 13 Aquamarine
    0.70    0.70      0.70      % 14 gray
    0.00    0.70      0.70
    0.70    0.40      0.40      
    0.90    0.95      0.70   
    0.10    0.60      0.95
        1         1         1  
        1         1         1
        1         1         1  
       ];


   
   
   
%  clmap=[0.65   0.78    0.78     
% %       0         0    0.7000
%        0    0.4000    1.0000
%        0    0.8000    1.0000
%   0.2000    1.0000    1.0000
%   0.6000    1.0000    0.6000
%   1.0000    1.0000    0.2000
%   1.0000    0.8200         0
%   1.0000    0.5800         0
%   1.0000    0.2000         0
%   0.7000         0         0
%        1         1         1];  