% jet_mod - colormap for cmsplot
%
function clmap=jet_mod
clmap=[1         1    1     
       0         0    0.7000
       0    0.4000    1.0000
       0    0.8000    1.0000
  0.2000    1.0000    1.0000
  0.6000    1.0000    0.6000
  1.0000    1.0000    0.2000
  1.0000    0.8200         0
  1.0000    0.5800         0
  1.0000    0.2000         0
  0.7000         0         0
      .3          0         0];

