%@(#)   jett.m 1.3	 97/07/17     08:17:31
%
function clmap=jett
clmap=[1         1    1     
       0         0    0.7000
       0    0.4000    1.0000
       0    0.8000    1.0000
  0.2000    1.0000    1.0000
  0.6000    1.0000    0.6000
  1.0000    1.0000    0.2000
  1.0000    0.8200         0
  1.0000    0.5800         0
  1.0000    0.2000         0
  0.7000         0         0
       1         1         1];

