function x=f1_lprms
%x=f1_lprms

x=['531K801 011 B'
'531K802 012 B'
'531K803 013 B'
'531K804 014 B'
'531K805 021 A'
'531K806 022 A'
'531K807 023 A'
'531K808 024 A'
'531K809 031 D'
'531K810 032 D'
'531K811 033 D'
'531K812 034 D'
'531K813 041 A'
'531K814 042 A'
'531K815 043 A'
'531K816 044 A'
'531K817 051 C'
'531K818 052 C'
'531K819 053 C'
'531K820 054 C'
'531K821 061 D'
'531K822 062 D'
'531K823 063 D'
'531K824 064 D'
'531K825 071 C'
'531K826 072 C'
'531K827 073 C'
'531K828 074 C'
'531K829 081 D'
'531K830 082 D'
'531K831 083 D'
'531K832 084 D'
'531K833 091 B'
'531K834 092 B'
'531K835 093 B'
'531K836 094 B'
'531K837 101 A'
'531K838 102 A'
'531K839 103 A'
'531K840 104 A'
'531K841 111 B'
'531K842 112 B'
'531K843 113 B'
'531K844 114 B'
'531K845 121 A'
'531K846 122 A'
'531K847 123 A'
'531K848 124 A'
'531K849 131 B'
'531K850 132 B'
'531K851 133 B'
'531K852 134 B'
'531K853 141 C'
'531K854 142 C'
'531K855 143 C'
'531K856 144 C'
'531K857 151 A'
'531K858 152 A'
'531K859 153 A'
'531K860 154 A'
'531K861 161 C'
'531K862 162 C'
'531K863 163 C'
'531K864 164 C'
'531K865 171 B'
'531K866 172 B'
'531K867 173 B'
'531K868 174 B'
'531K869 181 C'
'531K870 182 C'
'531K871 183 C'
'531K872 184 C'
'531K873 191 D'
'531K874 192 D'
'531K875 193 D'
'531K876 194 D'
'531K877 201 A'
'531K878 202 A'
'531K879 203 A'
'531K880 204 A'
'531K881 211 B'
'531K882 212 B'
'531K883 213 B'
'531K884 214 B'
'531K885 221 A'
'531K886 222 A'
'531K887 223 A'
'531K888 224 A'
'531K889 231 D'
'531K890 232 D'
'531K891 233 D'
'531K892 234 D'
'531K893 241 D'
'531K894 242 D'
'531K895 243 D'
'531K896 244 D'
'531K897 251 B'
'531K898 252 B'
'531K899 253 B'
'531K900 254 B'
'531K901 261 D'
'531K902 262 D'
'531K903 263 D'
'531K904 264 D'
'531K905 271 D'
'531K906 272 D'
'531K907 273 D'
'531K908 274 D'
'531K909 281 C'
'531K910 282 C'
'531K911 283 C'
'531K912 284 C'
'531K913 291 B'
'531K914 292 B'
'531K915 293 B'
'531K916 294 B'
'531K917 301 C'
'531K918 302 C'
'531K919 303 C'
'531K920 304 C'
'531K921 311 A'
'531K922 312 A'
'531K923 313 A'
'531K924 314 A'
'531K925 321 C'
'531K926 322 C'
'531K927 323 C'
'531K928 324 C'
'531K929 331 B'
'531K930 332 B'
'531K931 333 B'
'531K932 334 B'
'531K933 341 A'
'531K934 342 A'
'531K935 343 A'
'531K936 344 A'
'531K937 351 C'
'531K938 352 C'
'531K939 353 C'
'531K940 354 C'
'531K941 361 D'
'531K942 362 D'
'531K943 363 D'
'531K944 364 D'];


