function dk=o3korr(eff)
% dk=o3korr(eff)
global fl dkr
dk=0.02487*eff-0.0003563*(fl/100)^2-0.01259*fl/100+0.2453-dkr;
